// C = [
//     //joints, members->  1, 2, 3, 4, 5, 6, 7, 8, 9, 10, 11
//     /*1*/                0, 0, 1, 0, 0, 0, 0, 0, 1, 0,  0;
//     /*2*/                0, 0, 0, 1, 1, 0, 0, 0, 1, 1,  0;           
//     /*3*/                0, 0, 0, 0, 0, 1, 1, 0, 0, 1,  1;
//     /*4*/                0, 0, 0, 0, 0, 0, 0, 1, 0, 0,  1;
//     /*5*/                0, 1, 0, 0, 0, 0, 1, 1, 0, 0,  0;
//     /*6*/                1, 1, 0, 0, 1, 1, 0, 0, 0, 0,  0;
//     /*7*/                1, 0, 1, 1, 0, 0, 0, 0, 0, 0,  0
// ]

C = [
    //joints, members-> 1, 2, 3, 4, 5, 6, 7, 8, 9,10,11,12,13
    /*1*/               1, 1, 0, 0, 0, 0, 0, 0, 0, 0, 0, 0, 0;                          
    /*2*/               1, 0, 0, 0, 1, 0, 0, 1, 0, 0, 0, 0, 0;                 
    /*3*/               0, 0, 0, 0, 0, 0, 0, 1, 1, 0, 0, 0, 1;   
    /*4*/               0, 1, 0, 0, 1, 1, 0, 0, 1, 1, 0, 0, 0;    
    /*5*/               0, 0, 0, 0, 0, 0, 0, 0, 0, 1, 1, 1, 1;     
    /*6*/               0, 0, 1, 0, 0, 1, 1, 0, 0, 0, 1, 0, 0;   
    /*7*/               0, 0, 0, 1, 0, 0, 1, 0, 0, 0, 0, 1, 0;        
    /*8*/               0, 0, 1, 1, 0, 0, 0, 0, 0, 0, 0, 0, 0
]


Sx = [//0, 1, 2
/*1*/   1, 0, 0;   
/*2*/   0, 0, 0;  
/*3*/   0, 0, 0;
/*4*/   0, 0, 0;
/*5*/   0, 0, 0;
/*6*/   0, 0, 0;
/*7*/   0, 0, 0;
/*8*/   0, 0, 0
]

Sy = [//0, 1, 2
/*1*/   0, 1, 0;   
/*2*/   0, 0, 0;  
/*3*/   0, 0, 0;
/*4*/   0, 0, 0;
/*5*/   0, 0, 0;
/*6*/   0, 0, 0;
/*7*/   0, 0, 0;
/*8*/   0, 0, 1
]

//joint: 1, 2, 3, 4, 5, 6,  7,  8
X = [    0, 0, 4, 4, 8, 8, 12, 12]
Y = [    0, 4, 8, 4, 8, 4,  4,  0]

L = [
    // forces in x:
/*1*/0;
/*2*/0;
/*3*/0;
/*4*/0;
/*5*/0;
/*6*/0;
/*7*/0;
/*8*/0;
    // forces in y:
/*1*/0;
/*2*/0;
/*3*/0;
/*4*/25;
/*5*/0;
/*6*/0;
/*7*/0;
/*8*/0
]
